FileNumber:10000   avg_index_time:5.486956834793091
FileNumber:10000  avg_search_time:0.13057494163513184
--------------
